{
 "cells": [
  {
   "cell_type": "code",
   "execution_count": 4,
   "metadata": {
    "collapsed": true
   },
   "outputs": [],
   "source": [
    "import numpy as np \n",
    "import pandas as pd \n",
    "from datetime import datetime\n",
    "from pandas_datareader import data as web\n",
    "import matplotlib.pyplot as plt\n",
    "import scipy.optimize as sco\n",
    "\n",
    "# Dow Jones Industrial Average Tickers\n",
    "\n",
    "# DJIA = ['JNJ','UTX','IBM','CVX','PG','KO','MCD','MSFT','DIS','VZ','NKE','AAPL','INTC', '^GSPC']\n",
    "SETH = ['BIV','BLV','BND','VCIT','VFIAX','VYM','VO','VB','VWO','VSS','VGTSX','VNQ','PARWX']\n",
    "\n",
    "DJIA = ['JNJ','IBM','CVX','PG','KO','MCD','MSFT','DIS','BA','NKE','AAPL','INTC','FIZZ','^GSPC']\n",
    "\n",
    "# Dates\n",
    "start = datetime(2010, 1, 1)\n",
    "end = datetime.today()\n",
    "# Grab data, change to weekly returns and write to CSV"
   ]
  },
  {
   "cell_type": "code",
   "execution_count": 5,
   "metadata": {},
   "outputs": [
    {
     "name": "stdout",
     "output_type": "stream",
     "text": [
      "                AAPL        BA       CVX       DIS      FIZZ       IBM  \\\n",
      "Date                                                                     \n",
      "2017-12-22  0.002182  0.013382  0.009642 -0.014301  0.026485  0.002946   \n",
      "2017-12-15  0.026797  0.027734 -0.001586  0.065360  0.023231 -0.015034   \n",
      "2017-12-08 -0.009870  0.052122  0.003425 -0.001726 -0.056674  0.000323   \n",
      "2017-12-01 -0.022659  0.020475  0.025423  0.025111  0.006581  0.019048   \n",
      "2017-11-24  0.027934  0.013709  0.015570 -0.007764  0.036403  0.019082   \n",
      "\n",
      "                INTC       JNJ        KO       MCD      MSFT       NKE  \\\n",
      "Date                                                                     \n",
      "2017-12-22  0.065155 -0.009167 -0.002384 -0.010918 -0.015432 -0.018695   \n",
      "2017-12-15  0.027530  0.013213  0.019236  0.005242  0.031463  0.055371   \n",
      "2017-12-08 -0.030219  0.004348 -0.014461  0.001618 -0.001187  0.023437   \n",
      "2017-12-01 -0.001565  0.020279  0.010125  0.027934  0.011939  0.012712   \n",
      "2017-11-24  0.002685  0.000072  0.003712  0.014234  0.010383  0.002194   \n",
      "\n",
      "                  PG     ^GSPC  \n",
      "Date                            \n",
      "2017-12-22 -0.003925  0.001285  \n",
      "2017-12-15  0.016680  0.009127  \n",
      "2017-12-08  0.000111  0.003506  \n",
      "2017-12-01  0.021364  0.015178  \n",
      "2017-11-24  0.000226  0.009098  \n",
      "                AAPL        BA       CVX       DIS      FIZZ       IBM  \\\n",
      "Date                                                                     \n",
      "2010-02-12  0.024860  0.021178  0.007134  0.017783  0.001754  0.008341   \n",
      "2010-02-05  0.017548 -0.030175 -0.013119 -0.000338 -0.012216  0.009191   \n",
      "2010-01-29 -0.029196  0.047825 -0.033675 -0.014447  0.000000 -0.025093   \n",
      "2010-01-22 -0.040533 -0.051449 -0.060349 -0.020470 -0.017197 -0.048828   \n",
      "2010-01-15 -0.028956 -0.012743 -0.003024 -0.040979 -0.021089  0.007082   \n",
      "\n",
      "                INTC       JNJ        KO       MCD      MSFT       NKE  \\\n",
      "Date                                                                     \n",
      "2010-02-12  0.048129  0.001276  0.016625  0.003466 -0.003217  0.012722   \n",
      "2010-02-05  0.011569 -0.003506 -0.021614  0.014944 -0.005694 -0.032685   \n",
      "2010-01-29 -0.025949 -0.005394  0.000184 -0.015260 -0.027303  0.012152   \n",
      "2010-01-22 -0.043731 -0.021291 -0.037098  0.017666 -0.063546 -0.022141   \n",
      "2010-01-15 -0.001441  0.005436  0.020460  0.007090  0.006502 -0.020445   \n",
      "\n",
      "                  PG     ^GSPC  \n",
      "Date                            \n",
      "2010-02-12  0.007476  0.008703  \n",
      "2010-02-05 -0.004070 -0.007177  \n",
      "2010-01-29  0.020352 -0.016522  \n",
      "2010-01-22 -0.001266 -0.039749  \n",
      "2010-01-15  0.006268 -0.007847  \n"
     ]
    }
   ],
   "source": [
    "def getdata(listofstocks, startdate, enddate):\n",
    "    for i in range(2):\n",
    "        try:\n",
    "            x = web.DataReader(listofstocks,\"yahoo\", startdate, enddate)['Adj Close']\n",
    "            break\n",
    "        except Exception as error:\n",
    "            print(\"Could not pull the data see below error /n{}\".format(error))\n",
    "    df = pd.DataFrame(x)\n",
    "    df = df.resample('W-FRI').last().sort_index(ascending=False) #changing data to weekly\n",
    "    for row in range(len(df)-1):\n",
    "        df.iloc[row] = df.iloc[row].div(df.iloc[row+1]) #return\n",
    "    df = df.iloc[:-1]\n",
    "    df = np.log(df)  #taking log return\n",
    "    df.to_csv('SethFundData.csv', encoding='utf-8') #write to CSV\n",
    "    return(df)\n",
    "\n",
    "data = getdata(DJIA, start, end)\n",
    "print((data).head(5))\n",
    "print((data).tail(5))\n",
    "# print(data[['AAPL']])\n"
   ]
  },
  {
   "cell_type": "code",
   "execution_count": 6,
   "metadata": {},
   "outputs": [
    {
     "name": "stdout",
     "output_type": "stream",
     "text": [
      "                AAPL        BA       CVX       DIS      FIZZ       IBM  \\\n",
      "Date                                                                     \n",
      "2016-05-20  0.050619 -0.036457  0.001041 -0.007389 -0.007642 -0.003187   \n",
      "2016-05-13 -0.024013 -0.000468 -0.011056 -0.048733  0.062029  0.002915   \n",
      "2016-05-06 -0.004871 -0.011490 -0.003137  0.021840  0.054945  0.018812   \n",
      "2016-04-29 -0.119891  0.028213  0.001665 -0.004927  0.052262 -0.017390   \n",
      "2016-04-22 -0.038700 -0.000610  0.047992  0.051207 -0.011208 -0.021452   \n",
      "\n",
      "                INTC       JNJ        KO       MCD      MSFT       NKE  \\\n",
      "Date                                                                     \n",
      "2016-05-20  0.007992 -0.001020 -0.031357 -0.049893 -0.002076 -0.014589   \n",
      "2016-05-13 -0.004337  0.007247  0.000662 -0.013492  0.013600 -0.019354   \n",
      "2016-05-06  0.000643  0.005871  0.011540  0.031823  0.010373 -0.008690   \n",
      "2016-04-29 -0.043935 -0.011003  0.005820  0.007857 -0.037584 -0.008279   \n",
      "2016-04-22  0.005705  0.028100 -0.034425 -0.018004 -0.072078 -0.001177   \n",
      "\n",
      "                  PG       S&P  \n",
      "Date                            \n",
      "2016-05-20 -0.015008  0.002786  \n",
      "2016-05-13 -0.011019 -0.005132  \n",
      "2016-05-06  0.024778 -0.003959  \n",
      "2016-04-29 -0.010306 -0.012644  \n",
      "2016-04-22 -0.016540  0.005201  \n"
     ]
    }
   ],
   "source": [
    "mult = 52.1429 #number of weeks per year\n",
    "numberofstocks = 13\n",
    "# data = pd.read_csv('SethFundData.csv', index_col=False)\n",
    "\n",
    "def split_data(dataframe, numberofstocks):\n",
    "# \tnumberofstocks = numberofstocks + 1\n",
    "\ttemp1 = data.iloc[:,0:(numberofstocks)]\n",
    "\ttemp2 = data[['^GSPC']]\n",
    "\ttemp2.columns = ['S&P']\n",
    "\tdf = pd.concat([temp1,temp2],axis = 1) # select number of columns\n",
    "\tsample_df = df.iloc[0:int(len(df.index)/5),:-1]\n",
    "\ttrn_df = df.iloc[int(len(df.index)/5):len(df.index),:-1]\n",
    "\ttrn_df_graph = df.iloc[int(len(df.index)/5):len(df.index),:]  \n",
    "\tsample_bench = df.iloc[0:int(len(df.index)/5),-1]   \n",
    "\treturn(trn_df,sample_df,trn_df_graph, sample_bench)\n",
    "\n",
    "\n",
    "trn_df = split_data(data,numberofstocks)[0]\n",
    "trn_df_graph = split_data(data,numberofstocks)[2] \n",
    "print((trn_df_graph).head(5))\n",
    "\n",
    "# df = pd.concat([dataframe.iloc[:,0:(numberofstocks)],datafreme[['^GSPC']]], axis = 1)"
   ]
  },
  {
   "cell_type": "code",
   "execution_count": 7,
   "metadata": {},
   "outputs": [
    {
     "data": {
      "text/plain": [
       "AAPL    0.192939\n",
       "BA      0.138914\n",
       "CVX     0.072785\n",
       "DIS     0.191743\n",
       "FIZZ    0.281316\n",
       "IBM     0.041715\n",
       "INTC    0.092113\n",
       "JNJ     0.120870\n",
       "KO      0.102356\n",
       "MCD     0.139000\n",
       "MSFT    0.105844\n",
       "NKE     0.207878\n",
       "PG      0.076454\n",
       "dtype: float64"
      ]
     },
     "execution_count": 7,
     "metadata": {},
     "output_type": "execute_result"
    }
   ],
   "source": [
    "trn_df.mean() * mult"
   ]
  },
  {
   "cell_type": "code",
   "execution_count": 8,
   "metadata": {},
   "outputs": [
    {
     "data": {
      "text/plain": [
       "AAPL    2.050316\n",
       "BA      1.795739\n",
       "CVX     1.571304\n",
       "DIS     1.573219\n",
       "FIZZ    2.027401\n",
       "IBM     1.388894\n",
       "INTC    1.675888\n",
       "JNJ     0.953767\n",
       "KO      1.088977\n",
       "MCD     1.012457\n",
       "MSFT    1.696153\n",
       "NKE     1.629476\n",
       "PG      1.005095\n",
       "dtype: float64"
      ]
     },
     "execution_count": 8,
     "metadata": {},
     "output_type": "execute_result"
    }
   ],
   "source": [
    "trn_df.std() * mult"
   ]
  },
  {
   "cell_type": "code",
   "execution_count": 9,
   "metadata": {},
   "outputs": [
    {
     "data": {
      "text/html": [
       "<div>\n",
       "<style>\n",
       "    .dataframe thead tr:only-child th {\n",
       "        text-align: right;\n",
       "    }\n",
       "\n",
       "    .dataframe thead th {\n",
       "        text-align: left;\n",
       "    }\n",
       "\n",
       "    .dataframe tbody tr th {\n",
       "        vertical-align: top;\n",
       "    }\n",
       "</style>\n",
       "<table border=\"1\" class=\"dataframe\">\n",
       "  <thead>\n",
       "    <tr style=\"text-align: right;\">\n",
       "      <th></th>\n",
       "      <th>AAPL</th>\n",
       "      <th>BA</th>\n",
       "      <th>CVX</th>\n",
       "      <th>DIS</th>\n",
       "      <th>FIZZ</th>\n",
       "      <th>IBM</th>\n",
       "      <th>INTC</th>\n",
       "      <th>JNJ</th>\n",
       "      <th>KO</th>\n",
       "      <th>MCD</th>\n",
       "      <th>MSFT</th>\n",
       "      <th>NKE</th>\n",
       "      <th>PG</th>\n",
       "    </tr>\n",
       "  </thead>\n",
       "  <tbody>\n",
       "    <tr>\n",
       "      <th>AAPL</th>\n",
       "      <td>0.080621</td>\n",
       "      <td>0.029482</td>\n",
       "      <td>0.023035</td>\n",
       "      <td>0.025259</td>\n",
       "      <td>0.012942</td>\n",
       "      <td>0.020710</td>\n",
       "      <td>0.027431</td>\n",
       "      <td>0.008718</td>\n",
       "      <td>0.011549</td>\n",
       "      <td>0.011277</td>\n",
       "      <td>0.022442</td>\n",
       "      <td>0.024383</td>\n",
       "      <td>0.007524</td>\n",
       "    </tr>\n",
       "    <tr>\n",
       "      <th>BA</th>\n",
       "      <td>0.029482</td>\n",
       "      <td>0.061843</td>\n",
       "      <td>0.027334</td>\n",
       "      <td>0.029815</td>\n",
       "      <td>0.019193</td>\n",
       "      <td>0.024107</td>\n",
       "      <td>0.024355</td>\n",
       "      <td>0.015706</td>\n",
       "      <td>0.016037</td>\n",
       "      <td>0.013548</td>\n",
       "      <td>0.020528</td>\n",
       "      <td>0.024984</td>\n",
       "      <td>0.011754</td>\n",
       "    </tr>\n",
       "    <tr>\n",
       "      <th>CVX</th>\n",
       "      <td>0.023035</td>\n",
       "      <td>0.027334</td>\n",
       "      <td>0.047351</td>\n",
       "      <td>0.026870</td>\n",
       "      <td>0.015975</td>\n",
       "      <td>0.020314</td>\n",
       "      <td>0.025062</td>\n",
       "      <td>0.015597</td>\n",
       "      <td>0.017153</td>\n",
       "      <td>0.013665</td>\n",
       "      <td>0.024030</td>\n",
       "      <td>0.018405</td>\n",
       "      <td>0.013873</td>\n",
       "    </tr>\n",
       "    <tr>\n",
       "      <th>DIS</th>\n",
       "      <td>0.025259</td>\n",
       "      <td>0.029815</td>\n",
       "      <td>0.026870</td>\n",
       "      <td>0.047466</td>\n",
       "      <td>0.017391</td>\n",
       "      <td>0.019147</td>\n",
       "      <td>0.026223</td>\n",
       "      <td>0.014040</td>\n",
       "      <td>0.012944</td>\n",
       "      <td>0.011688</td>\n",
       "      <td>0.026308</td>\n",
       "      <td>0.024321</td>\n",
       "      <td>0.013731</td>\n",
       "    </tr>\n",
       "    <tr>\n",
       "      <th>FIZZ</th>\n",
       "      <td>0.012942</td>\n",
       "      <td>0.019193</td>\n",
       "      <td>0.015975</td>\n",
       "      <td>0.017391</td>\n",
       "      <td>0.078829</td>\n",
       "      <td>0.008875</td>\n",
       "      <td>0.012629</td>\n",
       "      <td>0.008977</td>\n",
       "      <td>0.011504</td>\n",
       "      <td>0.009116</td>\n",
       "      <td>0.018212</td>\n",
       "      <td>0.014445</td>\n",
       "      <td>0.011184</td>\n",
       "    </tr>\n",
       "    <tr>\n",
       "      <th>IBM</th>\n",
       "      <td>0.020710</td>\n",
       "      <td>0.024107</td>\n",
       "      <td>0.020314</td>\n",
       "      <td>0.019147</td>\n",
       "      <td>0.008875</td>\n",
       "      <td>0.036995</td>\n",
       "      <td>0.020310</td>\n",
       "      <td>0.008817</td>\n",
       "      <td>0.012079</td>\n",
       "      <td>0.010377</td>\n",
       "      <td>0.018132</td>\n",
       "      <td>0.015128</td>\n",
       "      <td>0.008026</td>\n",
       "    </tr>\n",
       "    <tr>\n",
       "      <th>INTC</th>\n",
       "      <td>0.027431</td>\n",
       "      <td>0.024355</td>\n",
       "      <td>0.025062</td>\n",
       "      <td>0.026223</td>\n",
       "      <td>0.012629</td>\n",
       "      <td>0.020310</td>\n",
       "      <td>0.053864</td>\n",
       "      <td>0.012860</td>\n",
       "      <td>0.014191</td>\n",
       "      <td>0.010914</td>\n",
       "      <td>0.029533</td>\n",
       "      <td>0.025353</td>\n",
       "      <td>0.010844</td>\n",
       "    </tr>\n",
       "    <tr>\n",
       "      <th>JNJ</th>\n",
       "      <td>0.008718</td>\n",
       "      <td>0.015706</td>\n",
       "      <td>0.015597</td>\n",
       "      <td>0.014040</td>\n",
       "      <td>0.008977</td>\n",
       "      <td>0.008817</td>\n",
       "      <td>0.012860</td>\n",
       "      <td>0.017446</td>\n",
       "      <td>0.009430</td>\n",
       "      <td>0.008588</td>\n",
       "      <td>0.012518</td>\n",
       "      <td>0.011817</td>\n",
       "      <td>0.009103</td>\n",
       "    </tr>\n",
       "    <tr>\n",
       "      <th>KO</th>\n",
       "      <td>0.011549</td>\n",
       "      <td>0.016037</td>\n",
       "      <td>0.017153</td>\n",
       "      <td>0.012944</td>\n",
       "      <td>0.011504</td>\n",
       "      <td>0.012079</td>\n",
       "      <td>0.014191</td>\n",
       "      <td>0.009430</td>\n",
       "      <td>0.022743</td>\n",
       "      <td>0.010319</td>\n",
       "      <td>0.013476</td>\n",
       "      <td>0.012463</td>\n",
       "      <td>0.010632</td>\n",
       "    </tr>\n",
       "    <tr>\n",
       "      <th>MCD</th>\n",
       "      <td>0.011277</td>\n",
       "      <td>0.013548</td>\n",
       "      <td>0.013665</td>\n",
       "      <td>0.011688</td>\n",
       "      <td>0.009116</td>\n",
       "      <td>0.010377</td>\n",
       "      <td>0.010914</td>\n",
       "      <td>0.008588</td>\n",
       "      <td>0.010319</td>\n",
       "      <td>0.019659</td>\n",
       "      <td>0.012434</td>\n",
       "      <td>0.013949</td>\n",
       "      <td>0.008124</td>\n",
       "    </tr>\n",
       "    <tr>\n",
       "      <th>MSFT</th>\n",
       "      <td>0.022442</td>\n",
       "      <td>0.020528</td>\n",
       "      <td>0.024030</td>\n",
       "      <td>0.026308</td>\n",
       "      <td>0.018212</td>\n",
       "      <td>0.018132</td>\n",
       "      <td>0.029533</td>\n",
       "      <td>0.012518</td>\n",
       "      <td>0.013476</td>\n",
       "      <td>0.012434</td>\n",
       "      <td>0.055174</td>\n",
       "      <td>0.023761</td>\n",
       "      <td>0.012672</td>\n",
       "    </tr>\n",
       "    <tr>\n",
       "      <th>NKE</th>\n",
       "      <td>0.024383</td>\n",
       "      <td>0.024984</td>\n",
       "      <td>0.018405</td>\n",
       "      <td>0.024321</td>\n",
       "      <td>0.014445</td>\n",
       "      <td>0.015128</td>\n",
       "      <td>0.025353</td>\n",
       "      <td>0.011817</td>\n",
       "      <td>0.012463</td>\n",
       "      <td>0.013949</td>\n",
       "      <td>0.023761</td>\n",
       "      <td>0.050921</td>\n",
       "      <td>0.011686</td>\n",
       "    </tr>\n",
       "    <tr>\n",
       "      <th>PG</th>\n",
       "      <td>0.007524</td>\n",
       "      <td>0.011754</td>\n",
       "      <td>0.013873</td>\n",
       "      <td>0.013731</td>\n",
       "      <td>0.011184</td>\n",
       "      <td>0.008026</td>\n",
       "      <td>0.010844</td>\n",
       "      <td>0.009103</td>\n",
       "      <td>0.010632</td>\n",
       "      <td>0.008124</td>\n",
       "      <td>0.012672</td>\n",
       "      <td>0.011686</td>\n",
       "      <td>0.019374</td>\n",
       "    </tr>\n",
       "  </tbody>\n",
       "</table>\n",
       "</div>"
      ],
      "text/plain": [
       "          AAPL        BA       CVX       DIS      FIZZ       IBM      INTC  \\\n",
       "AAPL  0.080621  0.029482  0.023035  0.025259  0.012942  0.020710  0.027431   \n",
       "BA    0.029482  0.061843  0.027334  0.029815  0.019193  0.024107  0.024355   \n",
       "CVX   0.023035  0.027334  0.047351  0.026870  0.015975  0.020314  0.025062   \n",
       "DIS   0.025259  0.029815  0.026870  0.047466  0.017391  0.019147  0.026223   \n",
       "FIZZ  0.012942  0.019193  0.015975  0.017391  0.078829  0.008875  0.012629   \n",
       "IBM   0.020710  0.024107  0.020314  0.019147  0.008875  0.036995  0.020310   \n",
       "INTC  0.027431  0.024355  0.025062  0.026223  0.012629  0.020310  0.053864   \n",
       "JNJ   0.008718  0.015706  0.015597  0.014040  0.008977  0.008817  0.012860   \n",
       "KO    0.011549  0.016037  0.017153  0.012944  0.011504  0.012079  0.014191   \n",
       "MCD   0.011277  0.013548  0.013665  0.011688  0.009116  0.010377  0.010914   \n",
       "MSFT  0.022442  0.020528  0.024030  0.026308  0.018212  0.018132  0.029533   \n",
       "NKE   0.024383  0.024984  0.018405  0.024321  0.014445  0.015128  0.025353   \n",
       "PG    0.007524  0.011754  0.013873  0.013731  0.011184  0.008026  0.010844   \n",
       "\n",
       "           JNJ        KO       MCD      MSFT       NKE        PG  \n",
       "AAPL  0.008718  0.011549  0.011277  0.022442  0.024383  0.007524  \n",
       "BA    0.015706  0.016037  0.013548  0.020528  0.024984  0.011754  \n",
       "CVX   0.015597  0.017153  0.013665  0.024030  0.018405  0.013873  \n",
       "DIS   0.014040  0.012944  0.011688  0.026308  0.024321  0.013731  \n",
       "FIZZ  0.008977  0.011504  0.009116  0.018212  0.014445  0.011184  \n",
       "IBM   0.008817  0.012079  0.010377  0.018132  0.015128  0.008026  \n",
       "INTC  0.012860  0.014191  0.010914  0.029533  0.025353  0.010844  \n",
       "JNJ   0.017446  0.009430  0.008588  0.012518  0.011817  0.009103  \n",
       "KO    0.009430  0.022743  0.010319  0.013476  0.012463  0.010632  \n",
       "MCD   0.008588  0.010319  0.019659  0.012434  0.013949  0.008124  \n",
       "MSFT  0.012518  0.013476  0.012434  0.055174  0.023761  0.012672  \n",
       "NKE   0.011817  0.012463  0.013949  0.023761  0.050921  0.011686  \n",
       "PG    0.009103  0.010632  0.008124  0.012672  0.011686  0.019374  "
      ]
     },
     "execution_count": 9,
     "metadata": {},
     "output_type": "execute_result"
    }
   ],
   "source": [
    "trn_df.cov() * mult"
   ]
  },
  {
   "cell_type": "code",
   "execution_count": 10,
   "metadata": {},
   "outputs": [
    {
     "data": {
